nGraphsOfSize = [
1,
2,
4,
11,
34,
156,
1044,
12346,
274668,
12005168,
1018997864,
165091172592,
50502031367952,
29054155657235488,
31426485969804308768,
64001015704527557894928,
245935864153532932683719776,
1787577725145611700547878190848,
24637809253125004524383007491432768,
645490122795799841856164638490742749440,
32220272899808983433502244253755283616097664,
3070846483094144300637568517187105410586657814272,
559946939699792080597976380819462179812276348458981632,
195704906302078447922174862416726256004122075267063365754368,
131331393569895519432161548405816890146389214706146483380458576384,
169487618400693135671278778610295749756246061427513800357039083537927168,
421260006519643885757174107650953992882782878952295704539600450662355704738816,
2019295999678571395728328980890810345860807065053566265347514137546665672316696821760,
18691352722478956041683441055221773100906878077027397169675907651818104181986752359177684992,
334494316309257669249439569928080028956631479935393064329967834887217734534880582749030521599504384,
11585815044205812673379511928863764381265040141261061227725971383046167307510698791401041768792169368940544,
777510571865055903406188374366190476598442307924741916354899631006385898637671205231827093391614863192904415807488,
101193386573463039354269401142741027463145963826790815082084909468028166503553807396859190074836698829732761747606799118336,
25566013871397723851094108820013106182843555852275358804907199250742354688175618766408178934854794054153633107026075263960686854144,
12549164197724499332787928665161136748157345371749938537602740270461084253679848281438831503478413083988473184510534726477777359587588087808,
11977388458772799873953356064977318976650944752329747692779507140780841641640773718412697270714800754929242355317935374582404783452389581363139117056,
22245401441122537868868564803398142511904194053967953790879763782324041919178248020195116340893038253669810597730580240351836662223695425823061713845599518720,
80457491201254901337398308929645274356058462263629150526204315077739383120423723672260119051897789208826441817911530460393870239476408385830242006909662716202405429248,
567076581342507135706113467108447436055442659457601167994152875283845260683542902067862230169498474135343143268764009827846226191965906319482518602028026499457099504745425174528,
7793841167914977954582550817575177766066055272533160501864210580719699592280766598762108507458913936081932965352037372886593259286753883857016383307981863462449691949358853053120648183808,
209010218966510082133451773102427584617834793551126453361046335435563592444285735308979707161978186697761423110237753995662395500597822404913116421729215976581395664201537813434454907132741906268160,
10943293614993653705897787460377707522536765800950505875419446173808449138178049802809881868043094270629690511949728964189729575355570781246911315793601585492129684137204771030336528783252002712364555768299520,
1119281727569404733432563702422031665449023527748984617871173864596489232605670041518766486136483238813098716357833468938790808348251036820595742925378527198266948161727385131688229821811000465943799297219907784199503872,
223756958905295273248246204739463204951086772778726431760751183244535769133905837144741773813752096485746615226491429782334717009776484227521607782327613747737097892551039468475255346405267372649245241127864170142605411388230205440,
87474978875356496991527613614513414843729545108763023604388360853236740009964425168413509964445193709704581245814315612224389490617199147209434665403375434410584769173906043544173971097443003349587291702370982860328158901476892398945795047424,
66907656631476831219873154647897535400129611777551793445876730512788157438725237691165043025517248860868099589604487059232573120836482653830658328169939331154781575337753410388704444449457988608054799284646872170486660550092362829152429228858666913366016,
100174633465851788106082933276818011208535437252893601546662564568928523605732293188557064471291282192146514906590853924778543486735808831106454071911002252516005286440233583961534969097391342582389680630981886187791672404733894742042566743408902877484052729978945536,
293715131472758447010282464834768836457679181448701391440487002166267123171304701100098335929408353299129996929513078545757194154302565719387383110176897856851811060082517210596446201807256267666295565137237681039317409260908101276168353816695570041359872132865655219727824322560,
1687213465106684169671864725421089073737056606715737968977354068071870974838978547727036140434386861906739692315561842519906545515529816760238291178056344250787659830750923027104521283507414733441277765535234182865504825244699130025944769293740730723062015008596356625893965779096967136149504,
18996334831796305871264776333897774457909428769342981426195127107030831238341767361078220789873024149071864408554239370333393376289201491326704031896750415884761063412211252965090574099406295069297305098820585820480974508581202071478261179801957205826115377702867655279140649075352303688667581478179176448];
